# Created by Octave 3.8.1, Fri Mar 27 13:50:25 2015 IST <amit@amit-pc>
# name: a
# type: matrix
# rows: 1000
# columns: 1
 18
 18
 12
 13
 11
 17
 8
 9
 9
 14
 15
 21
 17
 19
 14
 13
 16
 13
 15
 14
 17
 15
 12
 14
 14
 14
 21
 16
 13
 12
 17
 20
 13
 20
 14
 13
 15
 18
 14
 26
 15
 18
 13
 9
 13
 16
 16
 17
 20
 13
 14
 16
 15
 14
 15
 17
 12
 12
 7
 13
 8
 15
 19
 14
 10
 15
 19
 15
 12
 14
 12
 17
 18
 13
 12
 21
 13
 11
 20
 17
 17
 14
 14
 15
 10
 17
 16
 17
 16
 12
 16
 16
 15
 19
 14
 19
 16
 9
 14
 19
 14
 18
 15
 12
 16
 14
 10
 14
 15
 17
 18
 13
 20
 16
 14
 18
 15
 14
 15
 19
 16
 13
 11
 6
 12
 13
 15
 18
 10
 20
 21
 9
 17
 12
 19
 15
 18
 17
 18
 20
 15
 17
 10
 17
 16
 14
 12
 13
 23
 18
 16
 15
 15
 10
 10
 17
 14
 10
 17
 19
 10
 22
 12
 16
 17
 11
 14
 14
 19
 17
 11
 12
 14
 11
 8
 16
 10
 22
 16
 12
 22
 16
 17
 17
 15
 14
 12
 16
 18
 14
 14
 20
 14
 13
 14
 20
 18
 21
 16
 17
 18
 15
 17
 12
 15
 15
 14
 17
 16
 16
 19
 13
 10
 14
 13
 15
 17
 19
 9
 21
 14
 14
 11
 16
 16
 16
 11
 11
 21
 11
 12
 15
 12
 16
 18
 12
 14
 20
 12
 12
 15
 19
 17
 9
 14
 20
 14
 14
 24
 8
 17
 13
 15
 18
 21
 14
 22
 20
 18
 17
 18
 14
 19
 13
 12
 13
 15
 17
 14
 15
 14
 14
 14
 16
 16
 12
 16
 19
 15
 11
 15
 14
 13
 19
 10
 20
 18
 12
 14
 13
 13
 26
 15
 15
 17
 15
 20
 14
 11
 15
 24
 16
 16
 14
 9
 19
 12
 16
 8
 16
 14
 17
 16
 15
 14
 10
 17
 13
 13
 17
 12
 13
 12
 18
 17
 11
 15
 13
 19
 18
 21
 17
 14
 17
 13
 16
 7
 11
 10
 12
 15
 11
 14
 10
 20
 13
 13
 12
 13
 17
 13
 12
 12
 14
 19
 15
 18
 11
 15
 14
 19
 16
 11
 13
 23
 12
 13
 13
 19
 16
 12
 11
 17
 13
 12
 11
 13
 19
 17
 14
 14
 7
 13
 10
 16
 13
 14
 17
 11
 17
 17
 17
 12
 9
 20
 9
 17
 14
 14
 16
 19
 14
 15
 17
 13
 18
 11
 10
 11
 16
 14
 17
 14
 17
 16
 18
 19
 11
 12
 16
 12
 16
 19
 17
 20
 9
 12
 15
 17
 15
 13
 15
 14
 14
 12
 12
 16
 13
 11
 10
 14
 14
 10
 14
 20
 15
 17
 17
 14
 18
 17
 15
 12
 9
 18
 15
 16
 16
 18
 18
 12
 17
 12
 19
 24
 14
 11
 8
 18
 21
 13
 14
 11
 15
 13
 15
 21
 15
 15
 16
 15
 12
 13
 15
 20
 11
 13
 18
 15
 13
 10
 16
 13
 13
 15
 15
 11
 19
 10
 18
 19
 17
 19
 20
 15
 15
 21
 12
 20
 14
 19
 14
 10
 17
 14
 10
 18
 13
 18
 19
 14
 7
 13
 20
 16
 18
 16
 15
 12
 16
 12
 14
 11
 16
 12
 20
 16
 14
 16
 13
 14
 21
 15
 9
 16
 10
 16
 10
 12
 10
 15
 15
 15
 11
 13
 15
 18
 17
 13
 13
 18
 20
 18
 16
 19
 16
 14
 8
 8
 15
 14
 21
 14
 20
 18
 18
 12
 11
 16
 18
 15
 14
 17
 11
 12
 15
 17
 11
 14
 12
 11
 16
 14
 18
 14
 18
 14
 16
 14
 22
 16
 13
 27
 14
 14
 17
 18
 27
 13
 16
 16
 15
 10
 18
 12
 13
 16
 12
 14
 10
 10
 16
 19
 18
 13
 13
 14
 18
 18
 13
 13
 15
 16
 17
 15
 13
 12
 22
 23
 15
 13
 14
 18
 14
 18
 17
 13
 12
 16
 8
 23
 13
 13
 15
 17
 20
 17
 16
 17
 14
 15
 20
 14
 14
 20
 20
 12
 15
 16
 15
 17
 11
 17
 17
 22
 11
 17
 14
 16
 20
 15
 11
 18
 19
 17
 14
 14
 14
 12
 22
 17
 10
 15
 19
 19
 11
 15
 20
 10
 15
 16
 18
 13
 21
 16
 17
 15
 14
 18
 17
 9
 18
 11
 14
 17
 18
 9
 13
 12
 16
 16
 13
 21
 12
 18
 16
 15
 16
 12
 14
 13
 16
 15
 10
 12
 12
 15
 14
 18
 19
 13
 18
 14
 16
 17
 14
 11
 12
 15
 17
 15
 16
 10
 15
 8
 15
 17
 16
 17
 13
 23
 15
 16
 18
 13
 15
 16
 12
 11
 13
 17
 17
 16
 12
 18
 16
 11
 13
 14
 16
 19
 15
 12
 15
 18
 21
 14
 16
 7
 15
 14
 13
 16
 13
 14
 16
 18
 13
 9
 11
 14
 18
 12
 9
 21
 14
 17
 11
 17
 13
 15
 16
 20
 13
 13
 14
 17
 12
 13
 14
 15
 19
 17
 20
 16
 18
 17
 18
 11
 11
 15
 14
 19
 18
 12
 11
 12
 18
 9
 16
 21
 20
 21
 16
 10
 16
 14
 18
 16
 13
 18
 19
 8
 16
 18
 16
 15
 16
 13
 13
 13
 17
 19
 18
 18
 18
 13
 18
 13
 13
 14
 12
 17
 16
 15
 13
 16
 20
 15
 17
 15
 17
 14
 15
 13
 17
 18
 13
 13
 16
 17
 18
 8
 19
 11
 14
 16
 14
 13
 11
 16
 16
 19
 12
 18
 14
 15
 21
 13
 18
 15
 13
 16
 15
 21
 22
 10
 20
 16
 19
 15
 12
 21
 15
 17
 15
 14
 11
 18
 17
 12
 17
 18
 15
 16
 15
 10
 15
 15
 16
 13
 8
 12
 14
 15
 15
 12
 9
 15
 12
 20
 14
 12
 12
 11
 17
 17
 17
 16
 18
 16
 15
 18
 19
 10
 18
 11
 12
 11
 10
 17
 15
 15
 16
 16
 16
 19
 8
 9
 11
 18
 12
 17
 23
 13
 15
 14
 18
 16
 15
 18
 15
 14
 14
 13
 13
 15
 13
 12
 21


