# Created by Octave 3.8.1, Fri Mar 27 13:50:25 2015 IST <amit@amit-pc>
# name: b
# type: matrix
# rows: 10000
# columns: 1
 14
 16
 12
 17
 14
 14
 14
 14
 17
 13
 17
 19
 15
 14
 11
 13
 12
 14
 19
 23
 11
 13
 11
 19
 17
 15
 12
 19
 9
 8
 11
 15
 15
 17
 14
 21
 14
 14
 19
 14
 13
 16
 15
 10
 11
 15
 16
 19
 13
 15
 18
 16
 18
 17
 13
 19
 17
 14
 12
 20
 18
 13
 14
 14
 11
 17
 12
 13
 20
 11
 18
 15
 19
 18
 9
 14
 15
 16
 14
 15
 21
 15
 15
 11
 8
 13
 15
 13
 12
 22
 14
 16
 11
 14
 17
 11
 16
 16
 15
 17
 18
 17
 16
 15
 13
 12
 15
 17
 16
 11
 15
 14
 13
 14
 17
 15
 18
 13
 13
 14
 17
 15
 15
 17
 16
 16
 13
 13
 10
 17
 10
 19
 18
 14
 14
 14
 14
 18
 14
 12
 16
 17
 19
 16
 13
 19
 12
 13
 22
 11
 12
 15
 11
 10
 15
 18
 11
 13
 12
 16
 15
 16
 17
 16
 16
 16
 16
 17
 13
 13
 15
 17
 12
 15
 16
 16
 19
 14
 10
 17
 12
 13
 14
 15
 14
 15
 15
 14
 16
 13
 13
 12
 11
 12
 8
 9
 18
 16
 13
 11
 17
 12
 19
 15
 19
 17
 17
 11
 17
 19
 22
 12
 18
 14
 17
 9
 16
 14
 20
 18
 13
 19
 15
 17
 13
 15
 14
 14
 22
 16
 21
 12
 15
 13
 9
 16
 15
 13
 16
 16
 13
 15
 11
 9
 19
 10
 16
 16
 15
 20
 16
 9
 22
 11
 14
 15
 16
 17
 20
 14
 18
 17
 19
 15
 18
 16
 15
 15
 17
 17
 20
 21
 20
 18
 16
 16
 12
 13
 16
 17
 17
 20
 21
 13
 17
 16
 16
 10
 15
 13
 14
 15
 15
 7
 17
 9
 12
 13
 17
 17
 10
 19
 13
 13
 21
 15
 17
 15
 14
 9
 11
 12
 8
 16
 18
 20
 14
 15
 15
 11
 15
 14
 13
 15
 13
 20
 14
 12
 12
 20
 14
 11
 16
 16
 23
 14
 17
 8
 13
 21
 16
 16
 13
 19
 16
 14
 11
 15
 18
 12
 15
 10
 23
 19
 12
 18
 20
 11
 15
 12
 11
 20
 22
 12
 17
 14
 15
 26
 15
 17
 17
 17
 17
 19
 17
 14
 15
 16
 10
 17
 16
 10
 14
 15
 17
 13
 16
 18
 11
 11
 13
 12
 19
 14
 9
 15
 12
 17
 15
 17
 15
 21
 11
 20
 20
 13
 14
 12
 16
 13
 15
 14
 17
 11
 11
 10
 17
 14
 15
 14
 21
 14
 13
 9
 12
 13
 14
 28
 13
 15
 16
 17
 9
 18
 16
 13
 14
 17
 16
 13
 17
 13
 12
 11
 25
 8
 15
 18
 14
 8
 10
 20
 16
 19
 20
 15
 15
 13
 17
 19
 14
 11
 14
 17
 11
 16
 16
 10
 10
 20
 16
 18
 16
 11
 11
 12
 16
 14
 17
 19
 17
 13
 15
 13
 12
 17
 18
 18
 8
 11
 17
 17
 11
 14
 13
 14
 16
 19
 15
 16
 12
 9
 15
 15
 18
 14
 20
 14
 13
 12
 13
 13
 17
 14
 14
 15
 16
 12
 12
 12
 17
 14
 15
 19
 14
 10
 14
 13
 16
 14
 15
 13
 13
 13
 13
 13
 24
 14
 12
 20
 16
 12
 16
 12
 18
 11
 14
 15
 17
 12
 15
 23
 17
 13
 14
 20
 14
 9
 13
 9
 10
 14
 12
 15
 16
 15
 8
 19
 15
 13
 12
 16
 16
 15
 22
 14
 13
 22
 17
 14
 24
 15
 14
 16
 14
 16
 13
 17
 12
 15
 19
 17
 17
 17
 12
 19
 16
 11
 18
 16
 13
 13
 14
 14
 11
 19
 25
 14
 19
 20
 17
 21
 13
 18
 14
 18
 19
 11
 18
 11
 14
 21
 13
 17
 15
 13
 17
 13
 12
 13
 17
 13
 17
 20
 15
 17
 19
 18
 15
 15
 21
 16
 16
 15
 7
 14
 17
 9
 15
 17
 12
 15
 16
 20
 13
 10
 12
 16
 13
 15
 22
 14
 9
 20
 17
 16
 15
 16
 14
 16
 19
 20
 14
 17
 8
 16
 15
 13
 16
 18
 21
 14
 15
 16
 23
 17
 11
 17
 14
 18
 6
 17
 19
 12
 15
 18
 12
 15
 12
 10
 15
 20
 15
 12
 14
 15
 18
 12
 12
 16
 13
 18
 11
 12
 16
 12
 10
 20
 18
 16
 21
 17
 23
 18
 15
 16
 14
 18
 17
 18
 20
 7
 20
 15
 17
 11
 15
 20
 13
 15
 20
 15
 14
 15
 19
 16
 15
 14
 16
 19
 14
 15
 13
 20
 18
 16
 17
 11
 17
 16
 10
 22
 16
 15
 12
 10
 14
 11
 12
 19
 15
 17
 13
 14
 13
 16
 15
 12
 16
 13
 15
 17
 11
 20
 21
 18
 15
 20
 13
 16
 20
 13
 16
 11
 13
 12
 14
 15
 16
 15
 18
 16
 18
 12
 13
 14
 16
 15
 12
 14
 14
 13
 17
 12
 13
 14
 17
 15
 15
 18
 20
 13
 16
 16
 22
 14
 13
 12
 13
 11
 18
 17
 14
 17
 17
 20
 17
 18
 16
 11
 15
 15
 12
 15
 14
 15
 16
 19
 13
 16
 13
 19
 15
 12
 19
 18
 8
 16
 16
 10
 22
 11
 13
 12
 10
 16
 14
 13
 13
 21
 13
 12
 13
 14
 14
 15
 14
 21
 10
 17
 12
 15
 15
 13
 16
 9
 14
 20
 18
 12
 17
 12
 13
 17
 10
 14
 18
 20
 13
 16
 16
 16
 13
 7
 18
 20
 21
 14
 12
 21
 17
 10
 14
 17
 21
 12
 13
 18
 11
 14
 20
 13
 17
 17
 19
 14
 11
 21
 17
 16
 13
 11
 17
 22
 16
 15
 11
 20
 11
 20
 20
 12
 15
 16
 15
 16
 21
 21
 15
 17
 14
 16
 18
 14
 17
 15
 10
 18
 15
 12
 18
 13
 16
 12
 13
 12
 18
 11
 12
 13
 18
 16
 14
 14
 17
 17
 13
 16
 24
 14
 14
 18
 24
 16
 18
 12
 13
 16
 9
 15
 20
 13
 10
 7
 20
 16
 16
 10
 18
 15
 19
 16
 15
 16
 9
 20
 18
 18
 18
 18
 18
 16
 12
 16
 11
 22
 15
 18
 18
 15
 17
 21
 22
 12
 15
 18
 17
 15
 10
 19
 14
 7
 12
 18
 11
 13
 14
 15
 17
 17
 18
 11
 13
 10
 9
 19
 15
 14
 15
 11
 15
 18
 8
 15
 18
 16
 15
 13
 19
 18
 14
 5
 13
 19
 27
 21
 10
 16
 15
 12
 12
 18
 11
 8
 17
 18
 19
 24
 19
 17
 18
 18
 16
 19
 16
 16
 10
 18
 15
 13
 15
 21
 18
 16
 16
 15
 12
 12
 18
 14
 12
 11
 15
 14
 16
 15
 12
 14
 15
 14
 17
 15
 15
 12
 14
 13
 17
 19
 18
 20
 15
 10
 16
 14
 14
 17
 11
 16
 18
 16
 10
 18
 14
 18
 18
 17
 20
 17
 21
 17
 17
 15
 17
 23
 13
 17
 14
 10
 11
 12
 15
 11
 15
 16
 20
 15
 15
 20
 12
 14
 16
 14
 14
 12
 14
 19
 11
 16
 15
 13
 20
 13
 18
 12
 9
 11
 17
 15
 21
 15
 21
 13
 15
 14
 16
 12
 18
 13
 19
 14
 14
 18
 15
 17
 15
 19
 16
 19
 17
 15
 16
 19
 13
 18
 16
 12
 17
 14
 20
 10
 19
 12
 10
 14
 17
 10
 13
 18
 10
 16
 15
 14
 14
 13
 17
 14
 13
 13
 15
 18
 14
 10
 15
 19
 16
 14
 10
 17
 18
 14
 18
 15
 13
 16
 14
 16
 13
 19
 13
 14
 13
 20
 16
 15
 16
 16
 18
 16
 14
 19
 17
 19
 15
 22
 13
 16
 15
 9
 14
 11
 10
 21
 16
 24
 15
 19
 18
 13
 17
 16
 14
 11
 11
 17
 11
 11
 17
 11
 15
 11
 12
 17
 16
 12
 19
 17
 17
 14
 9
 20
 17
 20
 11
 8
 13
 15
 16
 20
 15
 11
 20
 15
 14
 14
 16
 14
 24
 16
 10
 13
 13
 21
 17
 17
 16
 21
 14
 20
 12
 16
 20
 15
 15
 16
 13
 13
 12
 19
 21
 14
 19
 10
 16
 15
 12
 20
 14
 14
 12
 11
 21
 14
 14
 21
 19
 15
 15
 17
 19
 16
 17
 14
 19
 17
 15
 20
 12
 15
 15
 17
 16
 14
 11
 16
 17
 13
 13
 14
 16
 17
 11
 9
 14
 16
 18
 16
 18
 15
 12
 12
 19
 12
 18
 16
 19
 16
 14
 17
 16
 14
 11
 10
 12
 13
 16
 18
 17
 18
 18
 12
 19
 19
 11
 15
 21
 12
 14
 13
 13
 14
 13
 12
 11
 16
 18
 17
 15
 14
 18
 6
 15
 16
 14
 13
 18
 18
 14
 13
 20
 11
 16
 16
 14
 19
 18
 10
 12
 20
 21
 12
 11
 12
 14
 15
 19
 8
 10
 15
 16
 19
 17
 12
 14
 16
 14
 16
 12
 11
 20
 17
 15
 13
 15
 10
 17
 16
 17
 13
 18
 16
 15
 18
 18
 14
 15
 16
 10
 18
 17
 11
 14
 15
 14
 18
 8
 14
 15
 16
 16
 11
 13
 19
 10
 16
 14
 14
 15
 12
 13
 13
 13
 15
 16
 16
 7
 18
 16
 13
 23
 13
 17
 16
 13
 9
 14
 11
 16
 16
 14
 18
 17
 16
 14
 10
 19
 14
 18
 17
 14
 14
 12
 20
 14
 16
 15
 15
 15
 13
 15
 14
 15
 15
 16
 17
 24
 17
 13
 21
 20
 16
 17
 17
 10
 18
 16
 14
 20
 15
 9
 12
 14
 16
 9
 11
 16
 13
 19
 12
 14
 14
 16
 17
 9
 12
 12
 10
 20
 11
 18
 19
 12
 15
 11
 14
 15
 17
 11
 15
 12
 16
 19
 12
 13
 12
 21
 17
 14
 17
 16
 17
 11
 11
 19
 13
 13
 13
 5
 12
 10
 17
 12
 16
 11
 15
 10
 16
 16
 18
 22
 14
 19
 17
 18
 14
 17
 13
 16
 17
 16
 17
 17
 15
 11
 13
 15
 18
 12
 17
 20
 15
 16
 19
 17
 17
 15
 22
 15
 16
 15
 13
 14
 12
 21
 12
 14
 16
 13
 13
 11
 14
 18
 17
 14
 15
 14
 16
 15
 19
 17
 22
 15
 14
 15
 17
 18
 23
 12
 19
 17
 15
 9
 13
 15
 17
 15
 14
 21
 15
 10
 16
 11
 11
 17
 22
 17
 13
 13
 8
 13
 18
 18
 16
 10
 10
 17
 13
 19
 17
 14
 13
 14
 22
 14
 17
 14
 14
 17
 15
 23
 15
 19
 19
 19
 13
 17
 13
 13
 14
 18
 17
 13
 12
 11
 17
 14
 17
 17
 15
 12
 17
 16
 21
 15
 14
 15
 19
 15
 10
 21
 16
 17
 16
 10
 16
 17
 13
 19
 18
 12
 20
 9
 17
 16
 12
 20
 11
 11
 24
 14
 17
 13
 16
 9
 13
 14
 14
 20
 9
 16
 18
 18
 14
 18
 15
 17
 12
 19
 18
 13
 14
 19
 18
 18
 10
 10
 17
 17
 14
 14
 17
 14
 16
 19
 12
 9
 12
 18
 19
 16
 17
 16
 18
 13
 10
 13
 14
 12
 19
 13
 18
 16
 16
 13
 18
 12
 11
 11
 21
 11
 21
 15
 9
 16
 19
 20
 18
 16
 22
 9
 17
 18
 15
 14
 15
 13
 11
 18
 14
 10
 17
 17
 18
 13
 11
 18
 9
 12
 12
 15
 17
 14
 12
 15
 15
 14
 16
 15
 12
 14
 12
 17
 18
 17
 12
 15
 14
 10
 14
 17
 16
 11
 9
 12
 16
 11
 14
 15
 13
 21
 11
 14
 15
 15
 11
 13
 17
 16
 15
 18
 15
 7
 8
 13
 21
 18
 20
 16
 13
 13
 11
 11
 16
 17
 12
 11
 14
 11
 16
 12
 13
 12
 20
 21
 19
 14
 18
 18
 15
 11
 15
 16
 13
 17
 23
 23
 17
 15
 11
 6
 17
 15
 13
 12
 17
 21
 16
 13
 18
 17
 15
 12
 15
 16
 17
 9
 17
 13
 14
 15
 12
 15
 15
 12
 13
 18
 17
 13
 11
 21
 19
 13
 18
 18
 11
 14
 16
