# Created by Octave 3.8.1, Fri Mar 27 13:52:42 2015 IST <amit@amit-pc>
# name: a
# type: matrix
# rows: 1000
# columns: 1
 16.99641796893714
 15.70239325578469
 16.10612705869067
 15.21600518202646
 11.66190347440813
 16.28195889691056
 19.39369584497305
 16.65485955460644
 14.9955057445983
 12.4044418658412
 13.50162700413449
 17.32378609476128
 12.10382132891084
 15.08174001055145
 15.27002461464755
 19.90699108806452
 16.78538044468621
 20.51532937306223
 12.56750870279317
 15.55127882431021
 15.5193199625479
 14.09136929625076
 12.69751961275263
 20.4353309799859
 12.78432325651712
 14.09046560701617
 12.15256441832306
 16.32857263445222
 19.6991833377898
 13.87028583098143
 17.43155805010034
 13.95342206513032
 14.38171150124213
 15.3546813319363
 11.31714804107054
 22.59437815391389
 20.13601265886994
 16.03717972996078
 17.20543455621981
 20.24030956657677
 21.26013357757522
 14.84085188271615
 16.79863409454736
 10.62481477045567
 12.57007846184096
 11.46062206824799
 18.36267841666818
 20.68701312431737
 14.42249613860364
 12.76192391666583
 15.66626413118795
 18.77799491902443
 11.39814859782884
 14.72339911302861
 16.77160793278424
 20.5379397925038
 12.02728054830149
 15.76469789984655
 10.38416988567557
 12.23471053856116
 16.18306950329292
 12.18464640283063
 18.12973131956632
 14.16566742271256
 23.08000141807347
 15.67727421990573
 8.559842245258277
 16.23746703168548
 17.08166062646217
 25.66321518592822
 15.29190038772979
 16.50716742594307
 12.32261647794077
 17.88738472757778
 18.43770375268563
 16.68803118503003
 19.13717745152226
 13.501750899065
 12.84301882308022
 13.35608561915883
 14.17622633645137
 17.7393737564274
 16.51555388787594
 15.19085419598421
 13.42743544242891
 15.59540205106265
 15.84225291974621
 18.03160555855767
 16.77795426036073
 20.78751984062873
 12.19268873040293
 14.83256014890175
 10.49704777518564
 13.84719172146687
 13.34559214499443
 17.5471248295862
 17.99946009074583
 14.94910971609065
 11.72128329269303
 9.876040504815688
 9.039331715178738
 11.24761255182769
 11.76477684963908
 13.9028271617605
 12.49813369079543
 16.73452946483289
 8.642230902138881
 17.9122256381421
 14.33339054598411
 14.91030928463868
 18.3778429987324
 16.75687539138077
 14.87740274460293
 20.41964435373308
 18.75466611843125
 16.09751234195339
 13.65280321402287
 16.09566952914163
 16.71352331675197
 18.42125926477186
 14.30813183915949
 7.6384698393873
 9.073144025299703
 18.85268378798439
 8.996846939523714
 10.90034376317855
 6.913539381653909
 16.78066501555012
 13.00821696556932
 15.42032008938112
 13.43111361919026
 20.26244670043164
 13.55607164681418
 16.23265321836467
 19.2402783616656
 22.67503671063804
 10.04620775568869
 15.70120154716763
 14.53892614278135
 11.95638131189507
 18.20221960380765
 21.42449890478202
 15.78948432586964
 13.76963447367475
 14.6603719012943
 11.61047957271409
 14.22981381750448
 15.80197659473775
 16.35440529547086
 15.44351635525968
 20.10535385005201
 10.91380014943633
 9.545530676649161
 13.23943874259063
 16.73405975018289
 17.77188998852607
 12.87059145911756
 3.464173595272692
 12.89189462882887
 14.57420171042076
 12.36030394259716
 11.42307077076638
 12.00150451581458
 13.67442283385904
 12.70927036289475
 9.926190845841473
 16.89154555754928
 12.69275354510686
 14.30339804141819
 20.7391074805872
 15.6939291893442
 7.111574981683842
 15.88067752820289
 14.90934097450187
 17.30288948801558
 17.91831732679563
 17.68568458080246
 15.04555982782941
 19.32718090748908
 20.90654663099905
 19.10486187265091
 17.63022783096398
 11.68279102151028
 17.0045283554299
 16.35163854288696
 11.77514408517331
 15.93507484155532
 20.31451184139967
 15.4340463425498
 13.29196463597069
 14.4079813542487
 13.71533670508104
 11.90405531210584
 14.47296721553879
 9.911799144012688
 19.37329738481565
 15.45171972871115
 14.85367564111912
 19.92769406341409
 20.63991615924069
 19.64563937887014
 17.20709873891531
 18.19084988314917
 10.52147999582315
 13.8592709988863
 9.951617185427491
 14.00690983313656
 17.12972507846272
 12.03405656658806
 13.64878757930119
 13.849886780508
 14.74501394441189
 17.40134520612704
 13.78722844460848
 19.07516916127576
 16.40503914946575
 16.72693896199733
 18.40414063484517
 14.83066892880709
 13.11230602136275
 15.03301577278939
 14.47285126939242
 12.62475501232523
 15.49209939260489
 12.28577534309994
 15.10194029416442
 19.36493932546102
 14.95613149304941
 16.45003645490788
 16.39895687038839
 20.78997208379145
 17.79002224417118
 14.85955695881607
 5.919589496278371
 17.23179571805942
 22.32361144575876
 20.50745532428786
 14.13660392187795
 8.931134926169426
 16.04590093526143
 16.38321594992381
 16.5790232739008
 19.21762226554881
 11.13789609040662
 14.19830145492876
 14.84241080112264
 7.446422178841669
 13.15250988469871
 14.49339378215354
 16.43910664443055
 18.42601992900725
 15.11018132952928
 14.92896032268125
 15.68441743618079
 16.22824233536242
 19.56122895327173
 11.73607818716689
 15.89786427644633
 14.67662053141385
 13.26329919591578
 19.80862041217086
 13.18549357294465
 9.884800538149232
 16.94701086321254
 13.95810578825686
 16.00382420097012
 18.94364688294679
 21.37309982246694
 17.70043754451575
 13.13810313585793
 17.93254434712745
 15.56310127002562
 15.23837438086012
 9.815905522678557
 13.77068811538681
 10.27360892133847
 15.51430990427308
 14.28092174340765
 19.95838079164639
 16.38481633343424
 15.88344420913953
 20.46436943603396
 15.20373682738053
 14.9176827815837
 15.17735294759674
 14.53891736065409
 17.58987757896977
 17.82838652111714
 10.98810689789639
 14.26402083936998
 19.67665583441822
 12.52558013914383
 17.09532863309146
 15.61803106852476
 20.62055425899219
 14.44402472991308
 10.73634964162705
 15.99494688348599
 12.47568717955748
 18.40626072283717
 14.32569726277513
 13.90307402238718
 12.31077564607146
 16.82664918708917
 18.12230133792907
 17.266837469505
 19.90271656979104
 13.81274584314603
 19.59196215666103
 15.21575236200441
 13.13633002057204
 13.34019753333762
 15.43452687727673
 14.85455791703457
 20.03523899444849
 11.4346770809657
 14.01103199311222
 15.18871932319037
 15.79934715161927
 7.183000181315273
 17.36595308380002
 10.09022668502219
 12.20737945992545
 18.12660320781148
 10.69634291994267
 14.97426145920275
 17.33081808323989
 11.51986507388747
 17.72165178219801
 11.27243385892971
 15.12355593850685
 13.27585637596047
 17.38240553846942
 16.0476173818938
 4.544778879509662
 23.68318656904997
 18.79543545264168
 11.4247172111174
 16.00218134146428
 19.11068387111028
 18.04972138073508
 15.72645932687555
 12.49043219233914
 16.31519295802979
 19.81281918806978
 12.44170285677536
 15.54694108726224
 11.57623913717107
 16.21565813483097
 12.276963732532
 17.094560077617
 16.94132254735374
 14.83871988406803
 16.61387007573341
 15.05151577253354
 14.06380425352353
 10.31394394460066
 16.69719144902682
 16.21083276625307
 14.38228471190738
 21.59531124789712
 22.10722258380907
 17.4726649568894
 15.96656551033299
 11.91324130955392
 18.72054073380011
 18.68289631765625
 12.00991857113748
 19.60851359952879
 18.41614324580719
 15.22264926563503
 15.23088086055969
 13.03976858629277
 10.67745991003368
 14.18651447562469
 14.36572153883289
 18.11768812119092
 11.70186504158179
 17.68776340251508
 17.11661242383521
 14.35177499956246
 16.73296688303417
 10.8477962201829
 17.35858246871761
 9.519045062068287
 15.517360289605
 10.63826563200954
 16.24931339401887
 17.06737770902024
 16.02366875311533
 17.48025586298973
 19.94370956747866
 14.49473975757342
 14.08485901789518
 12.87806590264614
 16.98776035219895
 15.36464219805912
 14.42230240905228
 16.1138161210178
 18.19055011949657
 11.98900615023012
 14.3666008591869
 8.21228678562291
 18.40633093574615
 8.732831258894176
 14.62001314897335
 18.90160393476198
 20.13278386076404
 11.84523600420713
 15.68302733883083
 18.02428654866229
 13.74409819794603
 23.58352705766518
 15.74829155055581
 15.48374671349165
 15.12248930417499
