# Created by Octave 3.8.1, Fri Mar 27 14:21:02 2015 IST <amit@amit-pc>
# name: a
# type: matrix
# rows: 1000
# columns: 1
 12
 19
 18
 12
 14
 13
 11
 22
 14
 15
 13
 17
 12
 16
 20
 8
 17
 22
 15
 12
 12
 16
 15
 14
 9
 12
 12
 12
 12
 14
 10
 15
 18
 13
 17
 19
 19
 20
 13
 11
 16
 20
 11
 14
 18
 19
 10
 18
 19
 12
 10
 10
 14
 18
 9
 12
 14
 15
 9
 15
 15
 14
 16
 16
 12
 9
 20
 13
 16
 20
 10
 20
 13
 11
 12
 10
 9
 18
 14
 11
 9
 14
 16
 7
 15
 23
 9
 17
 19
 14
 14
 24
 22
 13
 18
 12
 19
 17
 22
 15
 15
 18
 13
 17
 17
 9
 18
 10
 12
 15
 15
 11
 19
 19
 10
 11
 17
 16
 22
 14
 19
 12
 13
 19
 12
 13
 16
 11
 23
 15
 11
 21
 21
 15
 8
 19
 15
 16
 17
 11
 18
 17
 11
 18
 19
 12
 11
 16
 9
 12
 17
 13
 18
 14
 7
 17
 13
 17
 18
 12
 18
 12
 15
 10
 11
 10
 13
 9
 14
 15
 11
 21
 21
 15
 17
 6
 15
 10
 21
 18
 16
 17
 10
 9
 17
 11
 17
 13
 15
 14
 10
 14
 14
 13
 12
 12
 16
 17
 14
 13
 11
 15
 10
 21
 12
 20
 16
 14
 18
 16
 16
 9
 16
 17
 9
 13
 16
 14
 14
 13
 17
 18
 17
 18
 13
 13
 16
 11
 20
 17
 13
 14
 21
 18
 18
 20
 17
 15
 9
 13
 20
 11
 13
 21
 17
 15
 17
 12
 14
 14
 9
 18
 12
 13
 22
 11
 19
 10
 23
 11
 16
 15
 9
 13
 11
 21
 14
 14
 18
 17
 19
 14
 13
 17
 15
 13
 16
 12
 13
 7
 13
 17
 15
 18
 17
 15
 17
 20
 11
 12
 14
 12
 18
 10
 20
 19
 10
 15
 13
 8
 14
 11
 17
 21
 16
 20
 18
 17
 21
 13
 12
 18
 15
 17
 17
 10
 12
 14
 14
 17
 9
 11
 13
 11
 13
 19
 14
 9
 10
 21
 15
 13
 16
 17
 13
 17
 16
 16
 16
 14
 9
 13
 16
 17
 8
 9
 7
 12
 21
 9
 22
 20
 12
 18
 13
 11
 12
 16
 13
 10
 7
 10
 15
 10
 10
 15
 11
 16
 11
 11
 18
 16
 14
 13
 16
 9
 11
 16
 16
 20
 15
 18
 16
 20
 19
 15
 20
 17
 13
 9
 14
 11
 12
 17
 15
 13
 15
 13
 11
 15
 19
 10
 12
 8
 14
 11
 17
 13
 17
 15
 18
 18
 12
 18
 11
 8
 13
 19
 16
 8
 19
 14
 22
 14
 16
 15
 22
 14
 21
 10
 11
 12
 16
 13
 12
 6
 18
 13
 13
 14
 12
 20
 11
 16
 12
 6
 12
 13
 10
 17
 18
 14
 16
 18
 17
 7
 15
 16
 8
 12
 18
 14
 19
 11
 16
 18
 18
 18
 12
 14
 19
 14
 20
 15
 11
 15
 14
 21
 15
 17
 7
 15
 18
 19
 17
 11
 15
 17
 7
 24
 12
 16
 16
 21
 12
 11
 13
 13
 19
 10
 17
 14
 12
 13
 18
 17
 18
 6
 10
 15
 13
 19
 15
 13
 12
 20
 11
 10
 12
 17
 17
 19
 18
 15
 19
 14
 12
 12
 14
 17
 22
 14
 14
 11
 11
 11
 14
 13
 15
 15
 12
 8
 16
 13
 14
 9
 25
 14
 15
 17
 15
 10
 17
 14
 12
 12
 20
 14
 14
 13
 19
 11
 21
 11
 11
 13
 20
 16
 19
 14
 14
 13
 9
 19
 14
 17
 14
 17
 7
 18
 15
 19
 18
 16
 10
 19
 18
 21
 16
 7
 13
 13
 15
 19
 17
 12
 21
 17
 11
 13
 23
 16
 11
 13
 16
 8
 18
 15
 17
 8
 17
 10
 21
 10
 16
 16
 21
 11
 15
 15
 21
 14
 9
 16
 17
 10
 19
 11
 19
 14
 19
 19
 18
 11
 16
 10
 12
 18
 12
 20
 12
 15
 15
 19
 17
 14
 21
 9
 15
 15
 13
 8
 14
 15
 18
 19
 15
 10
 20
 13
 15
 15
 14
 12
 12
 19
 14
 18
 15
 21
 10
 14
 9
 12
 15
 20
 16
 18
 18
 21
 11
 12
 11
 13
 15
 12
 16
 13
 14
 14
 14
 18
 18
 16
 14
 6
 21
 21
 21
 10
 17
 9
 10
 19
 12
 14
 14
 15
 19
 11
 17
 16
 18
 18
 18
 7
 18
 11
 12
 10
 17
 14
 21
 15
 9
 13
 12
 16
 12
 14
 17
 13
 18
 17
 21
 18
 19
 14
 10
 10
 17
 7
 23
 15
 13
 9
 21
 18
 16
 9
 20
 12
 18
 12
 21
 18
 21
 21
 12
 16
 14
 13
 9
 13
 18
 12
 14
 13
 24
 16
 14
 14
 9
 18
 13
 12
 10
 11
 17
 21
 21
 22
 17
 13
 17
 10
 11
 18
 20
 14
 10
 11
 6
 19
 17
 11
 11
 12
 11
 15
 10
 15
 15
 12
 12
 14
 17
 10
 12
 11
 16
 19
 23
 12
 13
 15
 11
 15
 12
 18
 16
 10
 17
 16
 17
 14
 19
 8
 14
 14
 14
 15
 15
 11
 18
 12
 9
 13
 17
 16
 13
 20
 16
 16
 16
 16
 25
 19
 16
 17
 12
 14
 14
 15
 11
 12
 13
 15
 15
 19
 10
 11
 14
 19
 14
 14
 16
 15
 15
 14
 14
 9
 15
 9
 12
 9
 8
 13
 23
 16
 14
 16
 17
 19
 15
 24
 12
 18
 22
 17
 12
 15
 14
 8
 15
 14
 12
 19
 7
 13
 15
 17
 14
 14
 14
 15
 20
 16
 10
 13
 13
 20
 15
 19
 14
 8
 14
 15
 10
 18
 14
 11
 17
 9
 19
 6
 21
 10
 13
 17
 13
 13
 12
 11
 14
 23
 15
 16
 20
 17
 11
 13
 11
 11
 21
 16
 20
 20
 13
 18
 12
 17
 22
 15
 10
 16
 14
 12
 17
 12
 14
 16
 15
 18
 20
 10
 13
 22
 14
 9
 8
 9
 13
 11
 19
 22
 5
 16
 16
 15
 16
 12
 22
 27
 14
 12
 16
 19
 26
 15
 17
 13
 10
 11
 14
 14
 10
 19
 15
 14


